%YAML:1.0
ReprojectionError: 4.0663269095107202e-01
A: !!opencv-matrix
   rows: 3
   cols: 3
   dt: d
   data: [ 1.3150421425283937e+03, 0., 8.3843307296588841e+02, 0.,
       1.3201447659769367e+03, 5.9109196122995320e+02, 0., 0., 1. ]
K: !!opencv-matrix
   rows: 1
   cols: 5
   dt: d
   data: [ 4.0772007560958412e-01, -7.4795356978677949e+00,
       2.4086493451943750e-02, 2.4421127924699536e-02,
       4.5731441298478273e+01 ]
R: !!opencv-matrix
   rows: 3
   cols: 3
   dt: d
   data: [ 9.9992884019706374e-01, -1.0829889214360478e-02,
       5.0028033900604233e-03, 7.1860360087693540e-03,
       8.8154697480564037e-01, 4.7204162114955955e-01,
       -9.5223646556720186e-03, -4.7197208043551503e-01,
       8.8156206807049953e-01 ]
T: !!opencv-matrix
   rows: 3
   cols: 1
   dt: d
   data: [ -7.9678829679112687e+03, -1.8951124124126411e+03,
       4.5597715735828278e+03 ]
RT: !!opencv-matrix
   rows: 3
   cols: 3
   dt: d
   data: [ 9.9992884019706374e-01, -1.0829889214360478e-02,
       -7.9678829679112687e+03, 7.1860360087693540e-03,
       8.8154697480564037e-01, -1.8951124124126411e+03,
       -9.5223646556720186e-03, -4.7197208043551503e-01,
       4.5597715735828278e+03 ]
H: !!opencv-matrix
   rows: 3
   cols: 3
   dt: d
   data: [ 7.7027216157033482e-04, 9.3542231379516562e-04,
       1.0845411912503771e+00, -3.6282232991571256e-06,
       1.1007965994529237e-03, -5.1990278637339550e-02,
       1.2330425366856408e-09, 1.1589455415283370e-07,
       2.1619272387404144e-04 ]
