%YAML:1.0
ReprojectionError: 3.3937328279249324e-01
A: !!opencv-matrix
   rows: 3
   cols: 3
   dt: d
   data: [ 5.2893915587299887e+02, 0., 7.8709227135660115e+02, 0.,
       4.7473923247621917e+02, 5.7127437781188974e+02, 0., 0., 1. ]
K: !!opencv-matrix
   rows: 1
   cols: 5
   dt: d
   data: [ -1.2069588149783192e-02, 9.0482195486787324e-03,
       6.8058701085825617e-03, -6.9274547389965675e-04,
       -6.6572529860532111e-03 ]
R: !!opencv-matrix
   rows: 3
   cols: 3
   dt: d
   data: [ -9.9992536831402024e-01, 3.9191786253704062e-03,
       -1.1571423463576334e-02, -6.0643152351777868e-03,
       -9.8144924963595004e-01, 1.9162618419662550e-01,
       -1.0605747630382113e-02, 1.9168205557102388e-01,
       9.8139976955839314e-01 ]
T: !!opencv-matrix
   rows: 3
   cols: 1
   dt: d
   data: [ 7.9669706385855679e+03, 4.8542445279987842e+03,
       5.6610150984277936e+02 ]
RT: !!opencv-matrix
   rows: 3
   cols: 3
   dt: d
   data: [ -9.9992536831402024e-01, 3.9191786253704062e-03,
       7.9669706385855679e+03, -6.0643152351777868e-03,
       -9.8144924963595004e-01, 4.8542445279987842e+03,
       -1.0605747630382113e-02, 1.9168205557102388e-01,
       5.6610150984277936e+02 ]
H: !!opencv-matrix
   rows: 3
   cols: 3
   dt: d
   data: [ -2.0160491780175081e-03, 2.3049169372805541e-03,
       5.8945725079683111e+00, -6.5185902313029666e-05,
       -7.2788983476144184e-04, 3.9154863615115882e+00,
       -1.5698140507252094e-08, 2.8964555693846346e-07,
       5.5111648467480142e-04 ]
