%YAML:1.0
ReprojectionError: 3.0254098835448889e-01
A: !!opencv-matrix
   rows: 3
   cols: 3
   dt: d
   data: [ 1.4342944700149001e+03, 0., 8.5965353815664992e+02, 0.,
       1.4856827278943833e+03, 5.7560080902410289e+02, 0., 0., 1. ]
K: !!opencv-matrix
   rows: 1
   cols: 5
   dt: d
   data: [ -6.6660410868275666e-01, 2.3326354566079004e+01,
       -1.6770104798389380e-02, 1.5469082272462163e-02,
       -2.8598510188893329e+02 ]
R: !!opencv-matrix
   rows: 3
   cols: 3
   dt: d
   data: [ 9.9741480819905215e-01, 4.4504792660308795e-02,
       -5.6418293270100416e-02, -7.1023549237457413e-03,
       8.4233719605348112e-01, 5.3890407745655122e-01,
       7.1507041190258164e-02, -5.3711020431101697e-01,
       8.4047568167389142e-01 ]
T: !!opencv-matrix
   rows: 3
   cols: 1
   dt: d
   data: [ -6.2965901140837750e+03, -1.6525447783716154e+03,
       4.5010126160432428e+03 ]
RT: !!opencv-matrix
   rows: 3
   cols: 3
   dt: d
   data: [ 9.9741480819905215e-01, 4.4504792660308795e-02,
       -6.2965901140837750e+03, -7.1023549237457413e-03,
       8.4233719605348112e-01, -1.6525447783716154e+03,
       7.1507041190258164e-02, -5.3711020431101697e-01,
       4.5010126160432428e+03 ]
H: !!opencv-matrix
   rows: 3
   cols: 3
   dt: d
   data: [ 6.2337884740493242e-04, 6.5940726186623951e-04,
       6.9503360479886156e-01, -1.8505502578578258e-05,
       1.0237549523998582e-03, -5.2071353493926886e-02,
       -1.2111823680534787e-08, 1.1168974901794611e-07,
       2.0491658805657048e-04 ]
