%YAML:1.0
ReprojectionError: 3.0821596932168460e-01
A: !!opencv-matrix
   rows: 3
   cols: 3
   dt: d
   data: [ 3.8461369658764244e+02, 0., 7.9151651251040778e+02, 0.,
       3.4009985725921041e+02, 5.6670767066639826e+02, 0., 0., 1. ]
K: !!opencv-matrix
   rows: 1
   cols: 5
   dt: d
   data: [ -1.1858090703525713e-02, 4.1001435466029072e-02,
       2.0965009788336848e-04, -4.0848913107565847e-03,
       -2.6868965618836609e-02 ]
R: !!opencv-matrix
   rows: 3
   cols: 3
   dt: d
   data: [ -9.9988253297248109e-01, 6.0101728963449586e-03,
       1.4099577238031524e-02, -3.9895483435351238e-03,
       -9.9025747017143539e-01, 1.3919132973602660e-01,
       1.4798775643605534e-02, 1.3911872839925160e-01,
       9.9016512544525870e-01 ]
T: !!opencv-matrix
   rows: 3
   cols: 1
   dt: d
   data: [ 5.7342363850251013e+03, 4.9896942632792588e+03,
       2.5722165633671307e+02 ]
RT: !!opencv-matrix
   rows: 3
   cols: 3
   dt: d
   data: [ -9.9988253297248109e-01, 6.0101728963449586e-03,
       5.7342363850251013e+03, -3.9895483435351238e-03,
       -9.9025747017143539e-01, 4.9896942632792588e+03,
       1.4798775643605534e-02, 1.3911872839925160e-01,
       2.5722165633671307e+02 ]
H: !!opencv-matrix
   rows: 3
   cols: 3
   dt: d
   data: [ -2.3950806873285894e-03, 2.2727304132325607e-03,
       6.1495220979239260e+00, 1.8897509786004136e-04,
       -9.7638295070257149e-04, 5.2250289581214693e+00,
       3.5589096801055985e-08, 3.9732084966765087e-07,
       7.0793112931336706e-04 ]
