%YAML:1.0
ReprojectionError: 4.4035407119715292e-01
A: !!opencv-matrix
   rows: 3
   cols: 3
   dt: d
   data: [ 1.1739470507131603e+03, 0., 7.8497215166326907e+02, 0.,
       1.1563915644441702e+03, 5.8001696526899661e+02, 0., 0., 1. ]
K: !!opencv-matrix
   rows: 1
   cols: 5
   dt: d
   data: [ -1.5470358362363282e-01, 5.0863039558914913e+00,
       -1.8818595772319337e-03, -4.2508647720818668e-04,
       -3.4206463941653482e+01 ]
R: !!opencv-matrix
   rows: 3
   cols: 3
   dt: d
   data: [ 9.9870699301251831e-01, 4.1642927206658423e-02,
       -2.9158338799641442e-02, -2.3191180572373581e-02,
       8.8361985879608029e-01, 4.6763031797014060e-01,
       4.5238382503724542e-02, -4.6634945240115394e-01,
       8.8344308078879119e-01 ]
T: !!opencv-matrix
   rows: 3
   cols: 1
   dt: d
   data: [ -2.5439733425982968e+03, -1.7125268216397099e+03,
       4.0275589851448422e+03 ]
RT: !!opencv-matrix
   rows: 3
   cols: 3
   dt: d
   data: [ 9.9870699301251831e-01, 4.1642927206658423e-02,
       -2.5439733425982968e+03, -2.3191180572373581e-02,
       8.8361985879608029e-01, -1.7125268216397099e+03,
       4.5238382503724542e-02, -4.6634945240115394e-01,
       4.0275589851448422e+03 ]
H: !!opencv-matrix
   rows: 3
   cols: 3
   dt: d
   data: [ 8.3038533308257053e-04, 3.1110948476620928e-04,
       -6.3563476762233131e-02, 4.7930015442927026e-06,
       1.2636151448269816e-03, -1.1180669501511060e-01,
       -8.7720815035220857e-09, 1.4281904823370101e-07,
       2.3605725487488194e-04 ]
