%YAML:1.0
ReprojectionError: 3.6513477867980554e-01
A: !!opencv-matrix
   rows: 3
   cols: 3
   dt: d
   data: [ 1.8567658822142678e+03, 0., 7.8174886587939682e+02, 0.,
       2.2606067277651605e+03, 5.8441479450750808e+02, 0., 0., 1. ]
K: !!opencv-matrix
   rows: 1
   cols: 5
   dt: d
   data: [ -1.5864058825822483e-01, 6.0590882124191978e+00,
       1.1725426362921506e-02, -2.3048323618967731e-03,
       -8.3175243613392240e+01 ]
R: !!opencv-matrix
   rows: 3
   cols: 3
   dt: d
   data: [ -9.9949113206942641e-01, 2.2077071943288479e-02,
       2.3023462141633963e-02, 1.1082943833234590e-05,
       -7.2154542773085073e-01, 6.9236709598151180e-01,
       3.1897912027979883e-02, 6.9201502773792023e-01,
       7.2117801172327844e-01 ]
T: !!opencv-matrix
   rows: 3
   cols: 1
   dt: d
   data: [ 2.3387096080722054e+03, 4.3119871483328043e+03,
       7.9082598153640322e+02 ]
RT: !!opencv-matrix
   rows: 3
   cols: 3
   dt: d
   data: [ -9.9949113206942641e-01, 2.2077071943288479e-02,
       2.3387096080722054e+03, 1.1082943833234590e-05,
       -7.2154542773085073e-01, 4.3119871483328043e+03,
       3.1897912027979883e-02, 6.9201502773792023e-01,
       7.9082598153640322e+02 ]
H: !!opencv-matrix
   rows: 3
   cols: 3
   dt: d
   data: [ -5.3035383755428950e-04, 1.9619650321165170e-04,
       7.9380884684916730e-01, 2.0520590542822085e-05,
       -1.0600780904096071e-04, 1.2398821343036734e+00,
       3.4351716859895262e-09, 8.4848929702476241e-08,
       1.4751928793186027e-04 ]
